19

Ground
0 0 0
0 0 0
100 100 100
.2 .8 .2
0 0
2
-1 -1 0		0.9 0.9 0.9		 1 -1 0 1.0 1.0 1.0 	 1 1 0  0.7 0.7 0.7
-1 -1 0		0.9 0.9 0.9		-1  1 0 0.8 0.8 0.8     1 1 0   0.7 0.7 0.7

Ground
200 0 0
0 0 0
100 100 100
.7 .6 .2
0 0
2
-1 -1 0		0.9 0.9 0.9		 1 -1 0 1.0 1.0 1.0 	 1 1 0  0.7 0.7 0.7
-1 -1 0		0.9 0.9 0.9		-1  1 0 0.8 0.8 0.8     1 1 0   0.7 0.7 0.7

Ground
-200 0 0
0 0 0
100 100 100
.7 .6 .2
0 0
2
-1 -1 0		0.9 0.9 0.9		 1 -1 0 1.0 1.0 1.0 	 1 1 0  0.7 0.7 0.7
-1 -1 0		0.9 0.9 0.9		-1  1 0 0.8 0.8 0.8     1 1 0   0.7 0.7 0.7

Ground
200 200 0
0 0 0
100 100 100
.7 .6 .2
0 0
2
-1 -1 0		0.9 0.9 0.9		 1 -1 0 1.0 1.0 1.0 	 1 1 0  0.7 0.7 0.7
-1 -1 0		0.9 0.9 0.9		-1  1 0 0.8 0.8 0.8     1 1 0   0.7 0.7 0.7

Ground
-200 200 0
0 0 0
100 100 100
.7 .6 .2
0 0
2
-1 -1 0		0.9 0.9 0.9		 1 -1 0 1.0 1.0 1.0 	 1 1 0  0.7 0.7 0.7
-1 -1 0		0.9 0.9 0.9		-1  1 0 0.8 0.8 0.8     1 1 0   0.7 0.7 0.7

Ground
200 -200 0
0 0 0
100 100 100
.7 .6 .2
0 0
2
-1 -1 0		0.9 0.9 0.9		 1 -1 0 1.0 1.0 1.0 	 1 1 0  0.7 0.7 0.7
-1 -1 0		0.9 0.9 0.9		-1  1 0 0.8 0.8 0.8     1 1 0   0.7 0.7 0.7

Ground
-200 -200 0
0 0 0
100 100 100
.7 .6 .2
0 0
2
-1 -1 0		0.9 0.9 0.9		 1 -1 0 1.0 1.0 1.0 	 1 1 0  0.7 0.7 0.7
-1 -1 0		0.9 0.9 0.9		-1  1 0 0.8 0.8 0.8     1 1 0   0.7 0.7 0.7

Ground
0 200 0
0 0 0
100 100 100
.7 .6 .2
0 0
2
-1 -1 0		0.9 0.9 0.9		 1 -1 0 1.0 1.0 1.0 	 1 1 0  0.7 0.7 0.7
-1 -1 0		0.9 0.9 0.9		-1  1 0 0.8 0.8 0.8     1 1 0   0.7 0.7 0.7

Ground
0 -200 0
0 0 0
100 100 100
.7 .6 .2
0 0
2
-1 -1 0		0.9 0.9 0.9		 1 -1 0 1.0 1.0 1.0 	 1 1 0  0.7 0.7 0.7
-1 -1 0		0.9 0.9 0.9		-1  1 0 0.8 0.8 0.8     1 1 0   0.7 0.7 0.7





PlayerCar
50 0 2
0 0 0
6 3 2
1 .5 .5
0 0
12
-1 -1  1	0.95 0.95 0.95	 1 -1  1	0.95 0.95 0.95	 1  1  1	0.95 0.95 0.95
-1 -1  1	0.95 0.95 0.95	-1  1  1	0.95 0.95 0.95	 1  1  1	0.95 0.95 0.95
-1 -1 -1	0.85 0.85 0.85	-1 -1  1	0.85 0.85 0.85	-1  1  1	0.85 0.85 0.85
-1 -1 -1	0.85 0.85 0.85	-1  1 -1	0.85 0.85 0.85	-1  1  1	0.85 0.85 0.85
-1 -1 -1	0.75 0.75 0.75	-1 -1  1	0.75 0.75 0.75	 1 -1  1	0.75 0.75 0.75
-1 -1 -1	0.75 0.75 0.75	 1 -1 -1	0.75 0.75 0.75	 1 -1  1	0.75 0.75 0.75
-1  1 -1	0.65 0.65 0.65	-1  1  1	0.65 0.65 0.65	 1  1  1	0.65 0.65 0.65
-1  1 -1	0.65 0.65 0.65	 1  1 -1	0.65 0.65 0.65	 1  1  1	0.65 0.65 0.65
 1 -1 -1	0.55 0.55 0.55	 1 -1  1	0.55 0.55 0.55	 1  1  1	0.55 0.55 0.55
 1 -1 -1	0.55 0.55 0.55	 1  1 -1	0.55 0.55 0.55	 1  1  1	0.55 0.55 0.55
-1 -1 -1	0.45 0.45 0.45	 1 -1 -1	0.45 0.45 0.45	 1  1 -1	0.45 0.45 0.45
-1 -1 -1	0.45 0.45 0.45	-1  1 -1	0.45 0.45 0.45	 1  1 -1	0.45 0.45 0.45


Spinner
-50 0 1
0 0 0
6 6 6
.1 .3 1
0 -528
4
 0  0  0	 1 1 1			 1  0  0	1 1 1			 1  1  1	1 1 1
 0  0  0	 1 1 1			 0  1  0	1 1 1			-1  1  1	1 1 1
 0  0  0	 1 1 1			-1  0  0	1 1 1			-1 -1  1	1 1 1
 0  0  0	 1 1 1			 0  -1  0	1 1 1			 1 -1  1	1 1 1


Car
25 -50 2
0 0 0
6 3 2
.3 .3 1
0 0
12
-1 -1  1	0.95 0.95 0.95	 1 -1  1	0.95 0.95 0.95	 1  1  1	0.95 0.95 0.95
-1 -1  1	0.95 0.95 0.95	-1  1  1	0.95 0.95 0.95	 1  1  1	0.95 0.95 0.95
-1 -1 -1	0.85 0.85 0.85	-1 -1  1	0.85 0.85 0.85	-1  1  1	0.85 0.85 0.85
-1 -1 -1	0.85 0.85 0.85	-1  1 -1	0.85 0.85 0.85	-1  1  1	0.85 0.85 0.85
-1 -1 -1	0.75 0.75 0.75	-1 -1  1	0.75 0.75 0.75	 1 -1  1	0.75 0.75 0.75
-1 -1 -1	0.75 0.75 0.75	 1 -1 -1	0.75 0.75 0.75	 1 -1  1	0.75 0.75 0.75
-1  1 -1	0.65 0.65 0.65	-1  1  1	0.65 0.65 0.65	 1  1  1	0.65 0.65 0.65
-1  1 -1	0.65 0.65 0.65	 1  1 -1	0.65 0.65 0.65	 1  1  1	0.65 0.65 0.65
 1 -1 -1	0.55 0.55 0.55	 1 -1  1	0.55 0.55 0.55	 1  1  1	0.55 0.55 0.55
 1 -1 -1	0.55 0.55 0.55	 1  1 -1	0.55 0.55 0.55	 1  1  1	0.55 0.55 0.55
-1 -1 -1	0.45 0.45 0.45	 1 -1 -1	0.45 0.45 0.45	 1  1 -1	0.45 0.45 0.45
-1 -1 -1	0.45 0.45 0.45	-1  1 -1	0.45 0.45 0.45	 1  1 -1	0.45 0.45 0.45

Car
50 -50 2
0 0 0
6 3 2
.3 .6 1
0 0
12
-1 -1  1	0.95 0.95 0.95	 1 -1  1	0.95 0.95 0.95	 1  1  1	0.95 0.95 0.95
-1 -1  1	0.95 0.95 0.95	-1  1  1	0.95 0.95 0.95	 1  1  1	0.95 0.95 0.95
-1 -1 -1	0.85 0.85 0.85	-1 -1  1	0.85 0.85 0.85	-1  1  1	0.85 0.85 0.85
-1 -1 -1	0.85 0.85 0.85	-1  1 -1	0.85 0.85 0.85	-1  1  1	0.85 0.85 0.85
-1 -1 -1	0.75 0.75 0.75	-1 -1  1	0.75 0.75 0.75	 1 -1  1	0.75 0.75 0.75
-1 -1 -1	0.75 0.75 0.75	 1 -1 -1	0.75 0.75 0.75	 1 -1  1	0.75 0.75 0.75
-1  1 -1	0.65 0.65 0.65	-1  1  1	0.65 0.65 0.65	 1  1  1	0.65 0.65 0.65
-1  1 -1	0.65 0.65 0.65	 1  1 -1	0.65 0.65 0.65	 1  1  1	0.65 0.65 0.65
 1 -1 -1	0.55 0.55 0.55	 1 -1  1	0.55 0.55 0.55	 1  1  1	0.55 0.55 0.55
 1 -1 -1	0.55 0.55 0.55	 1  1 -1	0.55 0.55 0.55	 1  1  1	0.55 0.55 0.55
-1 -1 -1	0.45 0.45 0.45	 1 -1 -1	0.45 0.45 0.45	 1  1 -1	0.45 0.45 0.45
-1 -1 -1	0.45 0.45 0.45	-1  1 -1	0.45 0.45 0.45	 1  1 -1	0.45 0.45 0.45

Car
-50 -50 2
0 0 0
6 3 2
.6 .3 1
0 0
12
-1 -1  1	0.95 0.95 0.95	 1 -1  1	0.95 0.95 0.95	 1  1  1	0.95 0.95 0.95
-1 -1  1	0.95 0.95 0.95	-1  1  1	0.95 0.95 0.95	 1  1  1	0.95 0.95 0.95
-1 -1 -1	0.85 0.85 0.85	-1 -1  1	0.85 0.85 0.85	-1  1  1	0.85 0.85 0.85
-1 -1 -1	0.85 0.85 0.85	-1  1 -1	0.85 0.85 0.85	-1  1  1	0.85 0.85 0.85
-1 -1 -1	0.75 0.75 0.75	-1 -1  1	0.75 0.75 0.75	 1 -1  1	0.75 0.75 0.75
-1 -1 -1	0.75 0.75 0.75	 1 -1 -1	0.75 0.75 0.75	 1 -1  1	0.75 0.75 0.75
-1  1 -1	0.65 0.65 0.65	-1  1  1	0.65 0.65 0.65	 1  1  1	0.65 0.65 0.65
-1  1 -1	0.65 0.65 0.65	 1  1 -1	0.65 0.65 0.65	 1  1  1	0.65 0.65 0.65
 1 -1 -1	0.55 0.55 0.55	 1 -1  1	0.55 0.55 0.55	 1  1  1	0.55 0.55 0.55
 1 -1 -1	0.55 0.55 0.55	 1  1 -1	0.55 0.55 0.55	 1  1  1	0.55 0.55 0.55
-1 -1 -1	0.45 0.45 0.45	 1 -1 -1	0.45 0.45 0.45	 1  1 -1	0.45 0.45 0.45
-1 -1 -1	0.45 0.45 0.45	-1  1 -1	0.45 0.45 0.45	 1  1 -1	0.45 0.45 0.45




Boxxy
45 -33 10
0 0 45
10 10 10
.4 .4 .4
0 0
12
-1 -1  1	0.95 0.95 0.95	 1 -1  1	0.95 0.95 0.95	 1  1  1	0.95 0.95 0.95
-1 -1  1	0.95 0.95 0.95	-1  1  1	0.95 0.95 0.95	 1  1  1	0.95 0.95 0.95
-1 -1 -1	0.85 0.85 0.85	-1 -1  1	0.85 0.85 0.85	-1  1  1	0.85 0.85 0.85
-1 -1 -1	0.85 0.85 0.85	-1  1 -1	0.85 0.85 0.85	-1  1  1	0.85 0.85 0.85
-1 -1 -1	0.75 0.75 0.75	-1 -1  1	0.75 0.75 0.75	 1 -1  1	0.75 0.75 0.75
-1 -1 -1	0.75 0.75 0.75	 1 -1 -1	0.75 0.75 0.75	 1 -1  1	0.75 0.75 0.75
-1  1 -1	0.65 0.65 0.65	-1  1  1	0.65 0.65 0.65	 1  1  1	0.65 0.65 0.65
-1  1 -1	0.65 0.65 0.65	 1  1 -1	0.65 0.65 0.65	 1  1  1	0.65 0.65 0.65
 1 -1 -1	0.55 0.55 0.55	 1 -1  1	0.55 0.55 0.55	 1  1  1	0.55 0.55 0.55
 1 -1 -1	0.55 0.55 0.55	 1  1 -1	0.55 0.55 0.55	 1  1  1	0.55 0.55 0.55
-1 -1 -1	0.45 0.45 0.45	 1 -1 -1	0.45 0.45 0.45	 1  1 -1	0.45 0.45 0.45
-1 -1 -1	0.45 0.45 0.45	-1  1 -1	0.45 0.45 0.45	 1  1 -1	0.45 0.45 0.45


Boxxy
22 -66 11
0 0 45
10 10 10
.4 .4 .4
0 0
12
-1 -1  1	0.95 0.95 0.95	 1 -1  1	0.95 0.95 0.95	 1  1  1	0.95 0.95 0.95
-1 -1  1	0.95 0.95 0.95	-1  1  1	0.95 0.95 0.95	 1  1  1	0.95 0.95 0.95
-1 -1 -1	0.85 0.85 0.85	-1 -1  1	0.85 0.85 0.85	-1  1  1	0.85 0.85 0.85
-1 -1 -1	0.85 0.85 0.85	-1  1 -1	0.85 0.85 0.85	-1  1  1	0.85 0.85 0.85
-1 -1 -1	0.75 0.75 0.75	-1 -1  1	0.75 0.75 0.75	 1 -1  1	0.75 0.75 0.75
-1 -1 -1	0.75 0.75 0.75	 1 -1 -1	0.75 0.75 0.75	 1 -1  1	0.75 0.75 0.75
-1  1 -1	0.65 0.65 0.65	-1  1  1	0.65 0.65 0.65	 1  1  1	0.65 0.65 0.65
-1  1 -1	0.65 0.65 0.65	 1  1 -1	0.65 0.65 0.65	 1  1  1	0.65 0.65 0.65
 1 -1 -1	0.55 0.55 0.55	 1 -1  1	0.55 0.55 0.55	 1  1  1	0.55 0.55 0.55
 1 -1 -1	0.55 0.55 0.55	 1  1 -1	0.55 0.55 0.55	 1  1  1	0.55 0.55 0.55
-1 -1 -1	0.45 0.45 0.45	 1 -1 -1	0.45 0.45 0.45	 1  1 -1	0.45 0.45 0.45
-1 -1 -1	0.45 0.45 0.45	-1  1 -1	0.45 0.45 0.45	 1  1 -1	0.45 0.45 0.45


Boxxy
43 -2 66
0 0 45
10 10 10
.4 .4 .4
0 0
12
-1 -1  1	0.95 0.95 0.95	 1 -1  1	0.95 0.95 0.95	 1  1  1	0.95 0.95 0.95
-1 -1  1	0.95 0.95 0.95	-1  1  1	0.95 0.95 0.95	 1  1  1	0.95 0.95 0.95
-1 -1 -1	0.85 0.85 0.85	-1 -1  1	0.85 0.85 0.85	-1  1  1	0.85 0.85 0.85
-1 -1 -1	0.85 0.85 0.85	-1  1 -1	0.85 0.85 0.85	-1  1  1	0.85 0.85 0.85
-1 -1 -1	0.75 0.75 0.75	-1 -1  1	0.75 0.75 0.75	 1 -1  1	0.75 0.75 0.75
-1 -1 -1	0.75 0.75 0.75	 1 -1 -1	0.75 0.75 0.75	 1 -1  1	0.75 0.75 0.75
-1  1 -1	0.65 0.65 0.65	-1  1  1	0.65 0.65 0.65	 1  1  1	0.65 0.65 0.65
-1  1 -1	0.65 0.65 0.65	 1  1 -1	0.65 0.65 0.65	 1  1  1	0.65 0.65 0.65
 1 -1 -1	0.55 0.55 0.55	 1 -1  1	0.55 0.55 0.55	 1  1  1	0.55 0.55 0.55
 1 -1 -1	0.55 0.55 0.55	 1  1 -1	0.55 0.55 0.55	 1  1  1	0.55 0.55 0.55
-1 -1 -1	0.45 0.45 0.45	 1 -1 -1	0.45 0.45 0.45	 1  1 -1	0.45 0.45 0.45
-1 -1 -1	0.45 0.45 0.45	-1  1 -1	0.45 0.45 0.45	 1  1 -1	0.45 0.45 0.45

Spinner
43 -2 56
0 0 0
10 10 -6
.1 .3 1
0 -528
4
 0  0  0	 1 1 1			 1  0  0	1 1 1			 1  1  1	1 1 1
 0  0  0	 1 1 1			 0  1  0	1 1 1			-1  1  1	1 1 1
 0  0  0	 1 1 1			-1  0  0	1 1 1			-1 -1  1	1 1 1
 0  0  0	 1 1 1			 0  -1  0	1 1 1			 1 -1  1	1 1 1

Spinner
100 0 100
90 90 0
100 100 -6
.9 .7 .1
0 -111
4
 0  0  0	 1 1 1			 1  0  0	1 1 1			 1  1  1	1 1 1
 0  0  0	 1 1 1			 0  1  0	1 1 1			-1  1  1	1 1 1
 0  0  0	 1 1 1			-1  0  0	1 1 1			-1 -1  1	1 1 1
 0  0  0	 1 1 1			 0  -1  0	1 1 1			 1 -1  1	1 1 1
